  1 4
  2 0
  3 5
  4 5
  5 2
  6 0
  7 3
  8 3
  9 4
 10 0
 11 3
 12 2
 13 1
 14 3
 15 2
 16 4
 17 1
 18 1
 19 2
 20 2
 21 4
 22 0
 23 0
 24 5
 25 4
 26 3
 27 5
 28 2
 29 5
 30 0
 31 1
 32 3
 33 4
 34 4
 35 2
 36 0
 37 5
 38 5
 39 1
 40 3
 41 3
 42 4
 43 4
 44 4
 45 5
 46 0
 47 1
 48 4
 49 5
 50 1
 51 1
 52 3
 53 5
 54 5
 55 0
 56 3
 57 2
 58 5
 59 5
 60 1
 61 3
 62 5
 63 5
 64 1
 65 3
 66 5
 67 1
 68 2
 69 3
 70 0
 71 4
 72 0
 73 5
 74 2
 75 5
 76 2
 77 0
 78 4
 79 1
 80 5
 81 5
 82 0
 83 2
 84 5
 85 5
 86 2
 87 0
 88 2
 89 5
 90 4
 91 3
 92 2
 93 3
 94 0
 95 3
 96 4
 97 4
 98 2
 99 1
100 1
