  1 18.00
  2 22.00
  3 20.00
  4 25.00
  5 22.00
  6 27.00
  7 15.00
  8 14.00
  9 20.00
 10 16.00
 11 21.00
 12 18.00
 13 15.00
 14 28.00
 15 15.00
 16 16.00
 17 16.00
 18 17.00
 19 18.00
 20 16.00
 21 14.00
 22 19.00
 23 23.00
 24 24.00
 25 15.00
 26 14.00
 27 22.00
 28 26.00
 29 21.00
 30 27.00
 31 22.00
 32 25.00
 33 28.00
 34 20.00
 35 28.00
 36 21.00
 37 25.00
 38 21.00
 39 14.00
 40 23.00
 41 16.00
 42 21.00
 43 28.00
 44 17.00
 45 27.00
 46 21.00
 47 27.00
 48 22.00
 49 16.00
 50 23.00
 51 24.00
 52 24.00
 53 28.00
 54 25.00
 55 19.00
 56 22.00
 57 25.00
 58 19.00
 59 26.00
 60 17.00
 61 25.00
 62 19.00
 63 28.00
 64 24.00
 65 18.00
 66 20.00
 67 23.00
 68 21.00
 69 27.00
 70 23.00
 71 16.00
 72 14.00
 73 22.00
 74 22.00
 75 25.00
 76 21.00
 77 14.00
 78 23.00
 79 21.00
 80 16.00
 81 24.00
 82 16.00
 83 18.00
 84 16.00
 85 19.00
 86 16.00
 87 16.00
 88 16.00
 89 21.00
 90 28.00
 91 19.00
 92 17.00
 93 26.00
 94 26.00
 95 27.00
 96 15.00
 97 24.00
 98 14.00
 99 14.00
100 22.00
101 15.00
102 16.00
103 23.00
104 24.00
105 24.00
106 19.00
107 23.00
108 16.00
109 20.00
110 15.00
111 26.00
112 22.00
113 24.00
114 15.00
115 24.00
116 14.00
117 17.00
118 18.00
119 16.00
120 25.00
121 18.00
